098
987
876
234
345
123
123123
123123123
112233
445566
456456
778899
789789
321321
520
1314
5201314
1314520
147369
258
147
456
789
147258369
111222
1
12
123
1234
123456
1234567
12345678
123456789
987654321
87654321
7654321
654321
54321
4321
321
11
111
1111
11111
111111
1111111
11111111
2
22
222
2222
22222
222222
2222222
22222222
33
333
3333
33333
333333
3333333
33333333
44
444
4444
44444
444444
4444444
44444444
55
555
5555
55555
555555
5555555
55555555
66
666
6666
66666
666666
6666666
66666666
77
777
7777
77777
777777
7777777
77777777
88
888
8888
88888
888888
8888888
88888888
99
999
9999
99999
999999
9999999
99999999
00
000
0000
00000
000000
0000000
00000000
1997
1998
1999
2000
2001
2002
2003
2004
2005
2006
2007
2008
2009
2010
2011
2012
2013
2014
2015
2016
2017
2018
2019
2020
2021